167 271
167 283
169 295
171 307
173 319
180 329
190 336
201 342
214 344
227 342
240 337
252 331
259 321
263 309
265 297
268 285
269 273
175 260
182 255
191 253
200 254
209 257
221 258
230 255
240 254
250 256
258 262
215 268
214 277
214 285
213 293
205 301
209 302
214 303
219 302
224 301
185 270
190 266
196 267
202 272
196 273
190 272
229 273
234 268
241 268
246 271
241 273
234 274
198 316
204 313
209 312
214 313
218 312
224 313
231 316
224 318
218 320
214 320
209 320
204 318
201 316
209 315
214 316
218 315
228 316
218 316
214 316
209 315
-----
